2
79 95 0
64 71 0
114 99 0
79 102 0
127 55 0
127 111 0
89 67 0
139 82 0
69 62 0
130 103 0
127 114 0
105 133 0
92 99 0
129 105 0
131 101 0
119 58 0
80 78 0
68 73 0
70 77 0
113 84 0
91 71 0
83 130 0
114 104 0
75 114 0
75 85 0
142 106 0
107 110 0
130 117 0
80 57 0
87 76 0
79 131 0
132 80 0
115 87 0
136 92 0
83 74 0
107 76 0
109 127 0
94 72 0
142 96 0
69 58 0
70 105 0
126 89 0
67 85 0
142 97 0
140 124 0
62 113 0
117 98 0
83 106 0
71 90 0
98 132 0
132 76 0
102 69 0
135 125 0
86 106 0
111 67 0
123 98 0
125 97 0
62 81 0
63 130 0
133 122 0
86 59 0
133 131 0
68 94 0
67 116 0
124 65 0
100 99 0
83 125 0
96 72 0
105 114 0
78 80 0
142 107 0
97 96 0
71 73 0
89 102 0
80 72 0
67 106 0
80 128 0
131 60 0
81 109 0
79 65 0
137 101 0
100 118 0
127 70 0
69 89 0
96 92 0
121 109 0
141 62 0
94 82 0
131 75 0
77 91 0
96 77 0
82 129 0
97 124 0
106 59 0
142 122 0
140 130 0
130 68 0
101 72 0
94 59 0
92 134 0
179 120 1
194 91 1
235 137 1
203 115 1
170 81 1
236 103 1
201 117 1
162 104 1
198 126 1
170 134 1
164 72 1
206 111 1
177 66 1
230 76 1
206 107 1
191 104 1
200 132 1
174 115 1
177 89 1
212 81 1
183 117 1
163 94 1
238 137 1
163 74 1
179 132 1
229 128 1
187 69 1
225 113 1
207 136 1
210 57 1
224 81 1
211 133 1
168 66 1
166 101 1
180 105 1
216 73 1
209 78 1
197 130 1
226 64 1
192 79 1
158 119 1
209 78 1
218 101 1
192 57 1
164 128 1
231 101 1
225 104 1
169 67 1
182 129 1
222 126 1
230 74 1
178 65 1
221 128 1
190 107 1
170 132 1
228 136 1
223 128 1
160 116 1
184 132 1
222 126 1
223 78 1
221 65 1
228 126 1
176 123 1
195 81 1
222 75 1
159 72 1
184 127 1
236 79 1
209 89 1
237 100 1
234 66 1
236 71 1
235 78 1
166 92 1
217 82 1
207 98 1
189 103 1
178 114 1
158 131 1
201 115 1
218 111 1
187 62 1
211 83 1
183 125 1
216 81 1
183 90 1
190 80 1
168 91 1
234 111 1
231 106 1
182 101 1
158 80 1
192 103 1
211 94 1
193 74 1
196 129 1
222 70 1
164 98 1
209 84 1
129 222 2
117 180 2
79 163 2
82 200 2
131 167 2
96 213 2
78 218 2
103 181 2
116 162 2
123 224 2
71 196 2
77 239 2
104 166 2
83 230 2
99 226 2
117 242 2
111 238 2
135 211 2
121 202 2
130 206 2
135 222 2
101 182 2
83 213 2
125 204 2
113 184 2
69 185 2
85 187 2
106 173 2
81 218 2
120 167 2
96 205 2
96 178 2
97 235 2
110 218 2
132 224 2
93 162 2
91 223 2
132 239 2
96 222 2
107 210 2
80 179 2
98 164 2
90 217 2
95 175 2
100 172 2
113 164 2
94 207 2
65 214 2
73 199 2
67 192 2
80 188 2
124 192 2
123 229 2
83 168 2
64 205 2
143 190 2
115 225 2
115 223 2
139 178 2
64 174 2
73 216 2
108 179 2
119 224 2
76 211 2
123 171 2
129 240 2
71 164 2
88 216 2
140 194 2
120 168 2
118 212 2
71 224 2
131 210 2
72 241 2
126 190 2
97 192 2
103 189 2
131 228 2
71 239 2
114 229 2
120 197 2
122 240 2
84 227 2
106 201 2
98 221 2
84 230 2
130 169 2
134 181 2
100 211 2
93 164 2
131 176 2
80 226 2
90 233 2
119 184 2
63 238 2
69 220 2
102 223 2
118 214 2
102 226 2
70 179 2
220 179 3
211 193 3
207 189 3
224 181 3
220 176 3
184 164 3
179 164 3
207 216 3
178 172 3
203 213 3
243 197 3
186 163 3
179 173 3
178 156 3
207 177 3
242 199 3
220 165 3
234 194 3
234 201 3
202 190 3
178 159 3
240 193 3
230 187 3
170 205 3
168 167 3
209 179 3
244 164 3
225 204 3
228 173 3
206 191 3
199 224 3
244 179 3
214 204 3
223 231 3
180 172 3
217 167 3
178 161 3
164 191 3
212 178 3
182 212 3
220 191 3
219 229 3
227 205 3
217 230 3
198 199 3
216 228 3
230 160 3
177 179 3
224 201 3
187 165 3
219 211 3
240 195 3
203 161 3
167 189 3
190 175 3
171 232 3
231 201 3
241 235 3
218 176 3
167 216 3
202 207 3
238 169 3
211 206 3
203 162 3
192 181 3
218 224 3
190 211 3
187 231 3
229 199 3
200 180 3
190 233 3
196 196 3
244 208 3
207 188 3
179 184 3
225 205 3
225 171 3
208 230 3
199 211 3
173 233 3
213 174 3
176 199 3
208 162 3
244 228 3
201 164 3
231 195 3
222 196 3
186 222 3
243 174 3
208 186 3
238 196 3
235 224 3
186 218 3
197 230 3
205 221 3
186 179 3
211 235 3
203 167 3
207 182 3
208 199 3
295 81 4
274 111 4
305 73 4
321 58 4
319 112 4
324 86 4
312 121 4
338 95 4
261 95 4
306 125 4
329 90 4
301 92 4
317 88 4
312 67 4
297 133 4
286 111 4
311 123 4
328 124 4
289 80 4
317 116 4
329 57 4
264 106 4
333 135 4
319 90 4
266 106 4
329 90 4
315 128 4
262 119 4
282 85 4
270 98 4
304 119 4
272 61 4
329 105 4
278 128 4
270 92 4
279 75 4
259 120 4
331 109 4
271 90 4
286 102 4
310 89 4
279 123 4
275 86 4
298 74 4
305 101 4
339 78 4
338 108 4
281 100 4
314 115 4
262 104 4
299 128 4
282 119 4
308 83 4
310 105 4
313 113 4
312 122 4
309 128 4
311 80 4
294 101 4
318 62 4
282 115 4
273 65 4
302 133 4
301 128 4
326 75 4
325 94 4
324 115 4
286 64 4
336 66 4
337 124 4
317 134 4
337 120 4
288 119 4
260 98 4
295 109 4
313 102 4
325 131 4
267 73 4
261 126 4
304 129 4
276 60 4
325 128 4
283 88 4
270 131 4
283 94 4
266 126 4
269 91 4
313 115 4
335 88 4
319 67 4
292 63 4
298 88 4
336 57 4
289 90 4
335 124 4
267 110 4
303 134 4
288 87 4
274 64 4
327 91 4
